0 0 0 0.059406646 -0.17470746 0.101938136
-1.6248639 -1.0824918 -0.20418262 -0.02855795 0.05131268 0.13553573
-0.5946599 -0.122409865 0.2205019 -0.019394971 -0.029321533 0.08788824
0.7384782 -0.22845554 0.66773224 0.069791354 -0.029932396 0.054901514
0.101741076 0.7775676 -0.066729546 0.030695979 -0.003665192 0.054901514
0.15846956 0.34589112 0.3552742 0.021533 0.115453534 0.014584408
0.078171015 -0.34917977 0.27065182 0.03436117 -0.030543262 0.05062546
-0.66274977 -0.46277535 -0.09979725 0.00870483 -0.009773844 0.046960264
0.46731782 -0.23463994 0.13413906 -0.048716504 -0.02076942 -0.030008756
-0.17189527 -0.40889418 0.41465282 0.009315695 0.0580322 -0.019624045
0.8526788 -0.41677797 0.4910078 -0.001069014 0.042760566 -0.072158456
0.30885077 0.23902233 1.5170336 -0.029168816 0.15943582 -0.07276932
-0.40297937 -0.040392295 -1.0480223 -0.01695151 0.004276057 -0.04589125
-0.6046126 0.84023064 -0.8447466 0.02031127 0.005497787 -0.07826711
0.16359544 0.47510707 0.006772995 0.005039638 -0.013439035 -0.06116288
-0.25059032 1.7221956 0.529089 -0.002290745 0.029932396 -0.005574145
0.7984953 0.1821081 0.20606041 -0.011453724 0.017715093 -0.08559749
-0.29116774 1.694341 1.4759464 0.007483099 0.087964594 -0.08987355
1.1801066 1.6199347 1.0541077 -0.023060163 0.032375857 -0.013515393
-1.2662845 -1.4181135 0.4026966 -0.011453724 0.001832596 -0.028176159
-1.9412715 -1.3333063 -0.80127716 0.008093964 0 -0.011682798
-0.16773546 -1.0927223 -0.4438877 -0.01572978 0.048258353 0.001756238
0.099909425 -0.90456706 -0.58917904 0.024587326 -0.031154128 -0.015347989
-0.23394442 -0.092106625 -0.21144581 -0.00290161 -0.015271631 0.010308351
-0.74943143 -0.33966783 -0.7901592 -0.015118915 0.013439035 0.023747386
-0.48120236 0.726062 -0.46176815 0.012980887 -0.014660766 0.001145372
-0.018947363 0.68598056 0.5985756 0.028252518 -0.047647487 -0.008628472
-0.34503925 -0.12613934 -0.11033535 -0.02367103 0.01282817 -0.011071933
0.5063236 0.89916474 -0.48235893 -0.020005837 0.03359759 0.010919216
-0.7444526 0.30807012 0.13416195 -0.00290161 0.059864793 0.004199699
-2.3109999 -0.000236 1.234169 0.013591751 -0.14538592 -0.04466952
-1.2354913 -1.1864295 -0.4508562 -0.000458 0.0580322 -0.017180584
-0.05797839 -1.2544351 -1.2268076 -0.02977968 0.015271631 0.031688634
0.73513544 -0.59420466 0.5606766 0.00992656 -0.021991149 -0.01656972
-0.18448567 -0.28631848 0.45686817 -0.01695151 -0.018936822 -0.009850202
0.21474361 -0.17878866 0.5616379 -0.01695151 0.032375857 -0.04466952
0.19085145 -0.18170041 0.5620079 0.00992656 -0.018325957 0.007254025
-0.26172924 -0.5900413 -0.06337738 -0.04260785 0.023823744 -0.011071933
-0.250973 0.109036595 0.17395306 0.000153 -0.07941248 0.029245174
-0.3154993 -0.40621176 -0.6458931 -0.02611449 -0.006108652 0.04024075
1.0180122 0.70333594 -0.9524183 0.031306844 -0.06414085 0.031077769
-0.97506404 0.13342544 -0.51490307 -0.001069014 -0.025045475 0.058566704
-0.37907457 -0.45772478 -0.011478424 0.037415497 0.03970624 0.07811439
0.24483013 0.65835357 -0.44392014 0.004428773 0.042760566 0.05795584
0.45495677 0.4233096 0.17937946 -0.07192938 -0.036651913 0.075670935
-0.16050053 0.4032675 0.935833 0.03436117 0.03176499 0.097662084
-0.7214869 -0.5823275 -0.5584183 0.011759156 -0.01160644 0.117820635
-0.10930574 0.63884765 -0.6289568 0.05390886 -0.06169739 0.106214195
0.1320141 -0.30378756 0.08743 0.07162395 0.051923547 0.12270755
-0.104435205 -0.009786218 0.19088554 0.028252518 -0.025045475 0.07200574
-0.18531281 0.6822442 0.02031517 0.0355829 -0.05497787 0.06895141
1.0312804 0.72823286 0.1628828 -0.087201014 -0.02443461 0.065897085
0.024627209 0.4760384 -1.6079884 0.044135015 0 0.02069306
1.158198 0.22727384 -0.6456232 0.001985312 0.069027774 0.031688634
1.1000575 0.22532225 -0.049497604 0.003207043 0.054367006 0.010308351
0.665429 0.49806526 -0.106206894 -0.013286319 -0.028099801 0.021303926
0.8107588 0.3941303 0.5273695 -0.022449298 0.02687807 -0.010461068
-0.6773871 -0.56613946 -0.8683405 0.029474247 0.055588737 -0.014737124
-0.7798283 0.45677698 -0.5473404 0.030085113 0.0580322 -0.04772385
-0.62190557 -0.4506393 0.37696838 0.082619525 0.37995818 0.11904237
0.70113504 -0.16873932 2.0005665 0.11133019 0.111177474 0.013362677
1.8915246 1.1473792 1.4740295 -0.0346666 0.032375857 -0.001298089
-0.44840515 -0.0026173 -0.41570568 0.030085113 -0.06841691 -0.06543894
-0.6348057 0.67214185 -0.2979393 0.024587326 0.000611 -0.006795876
0.6373229 0.9423757 -0.43490982 0.063682705 0.15515977 0.034742963
-1.1450831 -1.1350858 0.052502632 0.016646078 -0.09285152 -0.036728274
-1.561934 1.0792023 0.28938866 -0.2759584 -0.321926 -0.009239337
-2.3862872 -1.1911907 1.1060066 0.09483683 0.019547688 0.06650795
-2.8973424 -0.020120025 -0.67102814 0.06490443 -0.13744467 0.07994699
-0.84673524 1.1123292 0.09226227 -0.02733622 0.016493361 0.16119206
-0.9487786 -1.1211964 0.36146355 -0.050549097 -0.003665192 0.15141822
-0.66064614 0.47948244 1.7438354 -0.12690726 -0.12461651 0.15569428
0.32185626 -0.004040621 0.43290806 0.034972034 0.047647487 0.15325081
-0.62467885 -0.8120796 -0.07954121 -0.02367103 -0.054367006 0.12820534
0.661506 0.006389082 -0.5900564 0.023365596 -0.01038471 0.058566704
0.34187663 0.5163145 -0.15867233 -0.022449298 0.04520403 0.004810564
-1.1381806 0.89366126 0.8679552 0.045356743 -0.14966199 -0.063606344
1.1962264 -0.36534023 -0.67862415 0.11071932 0.014049901 -0.06421721
0.9723377 0.17520386 -1.4484472 -0.032223143 0.07819075 -0.06543894
2.0955453 -0.03835237 -0.12156963 -0.019394971 0.06414085 -0.1259146
0.6891172 0.004123271 -1.3480415 -0.060322944 -0.048258353 -0.10209085
-0.9347031 -0.4371791 -0.59119606 -0.110413894 -0.026267206 -0.11552989
0.10281992 0.45909715 -0.11830711 -0.022449298 0.043982297 -0.056886826
-0.014435411 -0.950908 0.82091236 -0.08781188 -0.093462385 -0.033673946
0.32654715 0.32304913 0.5020542 -0.00290161 -0.106901415 -0.09659307
0.96308875 0.4298553 0.52382755 -0.032223143 0.099571034 -0.08498663
0.17647147 0.5752955 1.5496607 -0.012675454 0.11484267 -0.09292787
0.9191344 0.93255293 -0.29841137 0.039858956 0.07452556 -0.121638544
2.6182406 2.4308987 -0.82796764 0.20479257 0.1777618 -0.2224313
1.9347279 0.7842797 -1.5967312 -0.16050485 -0.16493362 -0.22670737
1.6863043 1.2241917 -0.587286 -0.057268616 -0.10934488 -0.24930938
2.5924811 0.79024184 -0.40652752 -0.011453724 -0.032375857 -0.22976169
1.4067512 0.5025584 -1.3592224 -0.018784106 -0.021380283 -0.14729488
0.8868482 0.51803625 0.11828709 -0.02367103 0.06963864 -0.056886826
-1.0272081 -0.055243492 -0.14257717 -0.14156802 0.06352998 0.061010167
-1.5332457 0.928036 -0.6522989 0.077121735 -0.17470746 0.03352123
-1.5276446 -0.38795257 -0.5631046 -0.027947085 0.032986723 0.08055785
0.5042579 0.22524488 0.1879034 -0.018784106 0.004886922 0.057344973
1.3128617 -0.6251019 -0.38088036 -0.013286319 -0.015882496 0.050014593
0.38992918 0.10109073 -0.35014343 0.038026363 0.02687807 0.02985604
0.08548367 -1.1993814 -0.7559643 0.14553864 0.14660765 0.06528623
-0.41264224 1.6265585 0.5976982 0.12293663 0.018325957 0.04085161
-0.48421 1.4568092 -1.1082525 0.10644327 0.03604105 0.077503525
-1.0362381 0.08818948 -0.9361582 0.08628472 -0.005497787 0.031077769
0.47458458 0.6829182 -0.771245 0.010537425 -0.08368854 0.0622319
-0.2566589 -0.72001874 0.73049927 0.012370021 0.03726278 0.058566704
-0.32550082 -0.71391904 -0.15477943 0.10522154 -0.02076942 0.074449204
-0.728944 -0.77842444 -1.2348099 -0.05971208 0.026267206 0.123929285
-0.58216274 -0.15954599 -0.18910027 0.023365596 0.022602014 0.09216429
1.2212067 -0.16466856 0.000629 -0.059101213 0.001832596 0.097662084
0.15069354 0.25608444 0.029931068 0.16997325 -0.052534413 0.05795584
0.24779892 0.37465924 -0.24551773 0.03436117 0.05375614 0.08483391
-0.37758067 0.4206541 -0.37968922 0.04046982 0.002443461 0.026801713
0.25124454 -1.0838859 -0.08934784 0.019089539 -0.086132 -0.04100433
0.3612535 -0.3177319 0.797492 0.003207043 -0.030543262 -0.03733914
0.390069 1.3255444 0.38725853 0.0917825 -0.004276057 -0.04955644
0.24759364 0.77460706 0.692894 -0.005345071 0.11362094 -0.04466952
-0.044749975 -0.51509464 -0.94717216 -0.10430524 0.008552114 -0.07460192
0.38730168 0.006276071 2.904272 -0.072540246 0.015271631 -0.059941154
1.1234715 0.5328438 -0.19660187 -0.14828753 0.16493362 -0.10086913
0.119714975 0.83592296 -0.52494335 -0.107359566 0.086132 -0.053221636
0.05827284 -0.3320887 -0.4752264 -0.16966783 0.10140363 -0.10209085
0.6484823 -0.11160147 2.2954617 -0.041996986 0.007330383 -0.09292787
1.2564957 0.51979375 -0.19493008 0.054519724 -0.06963864 -0.117362484
0.88845897 0.16919601 -1.8939242 -0.08170322 0.12217305 -0.08743009
0.2569821 -0.1243099 -0.49212742 -0.008399397 0.027488936 -0.10331258
-1.5508068 -0.7700404 0.22594357 -0.11652254 -0.04520403 -0.099647395
0.53837967 -0.070819944 0.62034225 -0.025503624 0.005497787 -0.03428481
-2.2353997 -2.6225307 -1.3193178 -0.09941832 0.21319197 -0.008628472
0.34413934 0.25052288 1.1268444 0.06490443 -0.01282817 -0.01779145
0.6799526 -1.0601444 0.53286076 0.012980887 0.021991149 0.00786489
-0.49350238 -0.11575872 -0.28208447 0.006872234 0.008552114 0.014584408
0.18948174 -0.31755272 0.8786831 0.006261369 0.034208454 0.050014593
0.3959098 0.10250321 -0.1692133 0.05757405 0.03359759 0.002367103
-0.096042156 0.48772928 1.0719881 0.03191771 -0.054367006 -0.023289237
-2.1764052 -1.2252504 -1.2850323 -0.029168816 0.055588737 0.018860465
-0.46546447 0.22124556 0.040905952 0.02397646 -0.03970624 0.059788436
0.7124877 0.16797096 0.4198017 -0.01572978 -0.012217305 0.08055785
-0.32323945 0.11686492 0.6942129 -0.04444045 0.23640485 0.104992464
-1.7656263 -0.37063468 -0.81250286 -0.09392053 0.10567969 0.065897085
0.43888128 0.1629256 -0.43029308 0.13942999 -0.05131268 0.015195273
0.6038188 0.08533296 -1.1062756 0.11071932 -0.24556783 0.030466905
1.0584856 0.6238576 0.5060797 0.06918049 0.029321533 0.036575556
-2.5702531 0.123048544 -0.7402487 0.004428773 0.36041048 -0.00496328
-0.5883533 -0.9125505 0.21210575 0.06001751 -0.13316862 -0.031230485
0.07427657 -0.023941457 -2.0929408 0.09789115 0.06047566 0.000535
0.099351406 -0.3889095 -1.0395012 0.10094548 -0.006108652 -0.020845776
-0.99984616 0.22399685 0.6214533 0.014813482 -0.15088372 -0.027565295
-0.34422362 -1.0760529 -0.19764423 -0.005345071 0.052534413 -0.001908954
0.621945 0.2177471 -1.1412296 -0.048716504 0.01282817 0.04757113
-0.15884256 -0.1278511 0.6959667 -0.009621128 0.009773844 0.020082194
0.3085351 0.6690208 -0.93797684 -0.009010263 0.037873644 0.02069306
0.13886309 0.06452134 -0.8004379 -0.013286319 0.04337143 0.01947133
0.2125578 0.6613016 -0.030713081 0.029474247 -0.030543262 0.018860465
-1.1739001 0.18183313 -0.30236626 -0.007177667 0.036651913 0.004199699
0.16520143 0.08641583 -0.1563015 -0.037110064 -0.015882496 0.010919216
-0.74853444 -0.57277286 -0.30767536 0.000153 0.11911872 0.056123246
-2.00992 -0.19262809 2.090355 0.06490443 -0.087964594 0.015806139
-0.25980926 0.021986157 -0.6759405 0.069791354 0.044593163 0.04512767
-0.7795375 -0.8605159 0.26456738 -0.04016439 -0.18448131 0.05062546
0.072965264 -0.3128336 -0.99978065 0.059406646 0.021380283 0.094607756
-1.0269365 -0.109438896 0.23638153 0.051465396 -0.03481932 0.071394876
-1.2551696 -0.35059828 -0.9256029 0.03924809 -0.15943582 0.07322747
0.12499118 0.4009652 0.8791828 0.031306844 -0.05375614 0.08055785
0.07858431 0.1679191 -0.37619972 0.047800206 -0.015271631 0.078725256
-0.019195676 0.9062663 0.3053236 -0.001679879 0.058643065 0.08239045
-0.954956 0.87926555 1.0859556 0.005039638 -0.05131268 0.018860465
0.26113033 0.4742611 0.24414444 0.010537425 -0.004276057 -0.022678372
0.35154867 -0.63921416 1.028595 -0.01695151 -0.006719518 -0.010461068
-0.63067853 -0.018778443 1.1798668 0.020922136 -0.06169739 -0.028176159
-0.030500889 0.30376703 -0.12136555 0.007483099 -0.007941248 -0.03611741
-1.289685 -0.115615636 -0.6661215 0.022143865 0.001221731 -0.022678372
-0.30338907 -0.110931456 0.75951385 0.026419923 0.08735373 -0.07460192
0.609426 0.66215885 0.17702007 -0.026725354 0.0842994 -0.11797335
1.2453699 0.24906662 0.6554985 -0.022449298 0.002443461 -0.11552989
-0.56093645 -0.30215263 0.0718565 -0.013286319 0.014660766 -0.09292787
-0.3489778 -0.13491347 -0.4414673 -0.02367103 0.051923547 -0.04100433
-0.9998747 0.10331097 0.87223244 -0.012675454 -0.019547688 0.03718642
-0.37709296 -0.07718876 -1.2471294 0.002596177 -0.03970624 0.025579982
0.1658454 1.0683217 0.50558186 -0.020005837 -0.030543262 0.0182496
-0.50528693 -0.502498 0.50565624 0.03680463 -0.007330383 0.018860465
0.54552734 0.3603191 0.1132288 0.058184914 0.04642576 0.05062546
0.56569004 0.19770347 0.19758415 -0.00290161 0.462425 0.0603993
-0.19473088 0.060111776 -0.48773098 0.02031127 -0.08124508 0.093386024
-0.89525217 0.8138418 1.3427591 -0.01572978 -0.06169739 0.11537717
-1.1076754 0.102330625 -1.8241887 0.059406646 0.03359759 0.0463494
-0.16928744 -0.64861035 -1.5360737 -0.023060163 0.05375614 0.097662084
-0.36941272 -1.0454613 -0.28684807 0.036193766 0.029321533 0.058566704
-0.18624103 0.15898281 -0.6796293 0.027030786 0.028099801 0.03596469
0.5912616 1.1605201 -0.3608141 -0.001679879 -0.051923547 0.029245174
0.30055654 0.8744776 -0.088121414 0.069791354 -0.03176499 0.015195273
0.5082655 0.84723324 -0.53090954 -0.006566802 0.14660765 0.05673411
0.46527594 0.9880246 0.1904707 0.020922136 -0.0842994 -0.025121834
1.6348356 0.8233796 2.6128063 -0.048716504 -0.059864793 0.001145372
0.27278423 -0.86840117 -0.07423782 0.03924809 0.007330383 0.007254025
0.14330971 0.3106379 0.2801876 0.0759 -0.12522738 0.012751812
0.22151637 -0.1322175 0.4552679 -0.039553523 0.09773844 0.070173144
-0.87528354 -1.0349618 0.5895767 0.03191771 0.017104227 0.03352123
-0.52453035 -0.3676846 0.3343525 0.052687127 -0.016493361 0.027412578
-1.1108165 -0.2950815 -1.0536289 0.06612616 -0.013439035 0.04512767
0.11844677 0.29510713 0.58346844 0.02031127 0.06536258 0.083001316
-0.94268507 -0.82256925 -0.8420906 0.120493166 0.001221731 -0.00374155
0.94948334 -0.252551 -0.29472733 0.044745877 0.03848451 0.056123246
-0.82633543 -2.0553443 0.0899601 -0.016340645 -0.008552114 0.04757113
-0.44769895 -0.23048991 0.4830513 -0.05787948 0.05009095 0.003588833
-0.5651398 0.64710504 0.51699543 0.000153 0.004276057 -0.023289237
0.024288774 -0.37834877 -0.60439396 0.03680463 0.02443461 -0.06421721
-0.8651426 -0.38633198 -0.55102444 0.010537425 0.004276057 0.017027868
0.6980934 0.26479465 -1.7547369 -0.009010263 0.0720821 -0.08987355
0.40509462 -0.8195543 -0.35784435 0.02397646 -0.10751228 -0.11980595
0.21581864 0.22475779 -1.1652632 -0.122020334 -0.29932398 -0.22059871
0.7551739 1.2963527 0.66586876 -0.0627664 0.19914207 -0.070936725
-0.21097851 1.525346 0.14922905 -0.035888333 -0.08979719 -0.091095276
-0.114616156 0.07744706 -1.0385275 0.041691553 -0.11911872 -0.036728274
0.3717258 0.83368415 1.327487 -0.04016439 0.05009095 -0.014126259
-1.2199274 -0.11093432 1.485364 0.022143865 0.009773844 0.034132097
-0.56600654 1.1734192 -0.20428085 0.018478673 -0.053145275 -0.003130684
-0.49220324 0.49415994 0.85974884 -0.02367103 0.05375614 0.046960264
-0.4524958 0.18226802 -1.2338619 -0.003512475 -0.040317107 -0.012904529
-0.03872633 1.104155 0.856987 -0.00412334 0.049480084 -0.001298089
0.5362265 -0.55118215 -0.8278637 -0.01817324 -0.08002335 -0.09231701
1.5162001 -0.6167873 1.0262117 -0.14523321 -0.04642576 -0.17478381
1.1926036 -0.30191213 -1.8018489 0.08323039 -0.093462385 -0.009239337
-0.111887455 -0.46296084 -1.6604362 -0.023060163 0.20219639 0.05673411
-0.7728926 -0.437751 1.5766926 -0.07803804 -0.059253927 0.049403727
-1.6802438 -0.9497519 -0.7764807 -0.020616703 -0.03359759 0.053679783
-0.43703926 -0.30933052 -0.13240242 -0.06887506 -0.044593163 0.017027868
0.025582075 0.39271176 -1.7587295 -0.04505131 0.12461651 0.037797287
-0.041906357 0.7844308 3.5297337 -0.053603426 0.18203785 0.022525655
-0.44848144 0.6266706 -1.01122 0.012370021 -0.051923547 -0.039171733
0.3257618 0.28647316 0.06993866 0.002596177 0.1020145 -0.025732698
0.21991014 0.44876638 -0.41668797 -0.001069014 -0.07269296 -0.017180584
-0.7502197 -0.25288218 -0.22727203 -0.07315111 0.07513642 -0.050778173
0.45788026 -0.13255823 0.4550438 0.09850202 -0.06047566 -0.14851661
-0.86898947 -0.39067304 -0.4247551 0.021533 -0.06658431 -0.10086913
-0.1644237 0.11209062 -0.5674658 0.033750303 -0.015271631 -0.072158456
0.12945437 -0.2682078 0.73834133 0.063682705 0.023823744 -0.06666067
0.8975003 0.10565305 0.37861252 -0.024892759 -0.005497787 -0.05749769
-0.11232734 0.08000988 0.900671 -0.024281893 0.002443461 -0.038560867
0.36923146 0.13370782 0.36629963 -0.069485925 -0.058643065 0.002367103
-0.04753065 -0.90254694 0.44817734 0.024587326 0.045814894 -0.03611741
-1.434068 -0.23500597 -0.18689156 -0.012064588 -0.003665192 0.014584408
-0.719424 -0.31265676 -0.8474846 0.04352415 -0.18570304 0.036575556
-0.02423501 0.7194964 0.18443394 0.046578474 0.023823744 0.037797287
-2.003489 -1.4315805 2.2115784 -0.038331795 0.013439035 0.026190847
0.59080505 -0.81345344 1.5862103 0.02275473 0.009162978 0.01947133
-0.38942766 -0.8579493 0.27922153 -0.00412334 0.034208454 0.051236324
-1.1717485 -1.6960604 0.3665352 -0.03894266 -0.03176499 0.093386024
-0.93708 -0.89317477 0.15616226 0.03436117 0.07147124 0.17402023
-2.6852078 -0.235533 0.9222088 0.06001751 0.001832596 0.14164437
-2.099313 -0.9967143 -0.11741924 0.020922136 0.08735373 0.20578523
-2.6120398 -0.025721729 -0.7405453 0.10094548 0.009162978 0.12454015
-0.7398677 1.3327417 0.316288 0.08445212 -0.02321288 0.11110111
-1.1883842 -1.438625 0.029187202 0.0917825 -0.12461651 0.070173144
-1.26089 -0.1453346 0.37160873 0.02275473 -0.020158553 0.04085161
0.3511001 0.10805577 0.96119785 0.023365596 0.02321288 -0.003130684
-0.4742744 -1.3817658 -1.1478577 0.005039638 0.022602014 0.041462477
0.26002562 2.7709599 2.0762053 -0.030390546 0.053145275 -0.022067508
0.43747294 -0.53117573 -2.804398 -0.020005837 -0.11056661 0.013362677
1.1599375 -0.07919885 -0.8431816 0.027641652 0.01282817 0.041462477
-0.0811069 -1.4759502 -1.6136904 0.024587326 0.004276057 0.034132097
-1.1152251 0.61241245 1.9047852 -0.06582073 0.017104227 0.04024075
0.06557977 -0.18764496 -1.1468163 0.04352415 0.08368854 0.053679783
-1.1231012 -0.59272027 -0.14233017 -0.035277467 -0.021380283 -0.002519819
1.0234836 0.9024394 -0.17984295 0.003817908 -0.027488936 0.001756238
0.005556345 -0.07067929 0.57001305 -0.031001411 -0.01282817 0.02985604
0.012330771 0.048851274 0.5468197 -0.022449298 -0.009162978 -0.001908954
-0.07141042 0.2701403 0.5616617 0.018478673 0.02076942 0.001145372
0.73912287 0.43837807 0.19689083 0.022143865 0.001832596 0.02313652
0.12841725 -0.80596346 0.17331123 -0.015118915 -0.05009095 -0.01779145
-0.38435006 -0.7979759 -0.7013798 -0.015118915 0.026267206 0.027412578
0.56799436 -0.7635671 0.5392113 -0.001069014 -0.001221731 0.008475755
-0.30801678 0.29713914 -0.25716782 -0.031001411 0.08735373 0.013973543
-0.07703292 -0.29111025 -0.104579926 0.008093964 0.16737708 0.0182496
-0.36783028 -0.111059666 0.5339279 -0.019394971 -0.05131268 -0.050167307
0.62327254 -0.26485637 0.58876324 -0.02367103 -0.03726278 -0.003130684
0.073449254 -0.7440124 0.2540903 0.023365596 -0.045814894 -0.032452215
0.4740256 0.541974 0.82694054 0.027641652 0.20647246 0.01947133
-0.11017203 -0.6860788 1.26155 0.011148291 0.028710667 -0.028176159
0.30949104 0.32975072 0.5228138 -0.009010263 -0.004886922 -0.013515393
-1.0162668 -0.20013869 0.2120018 0.038026363 -0.018936822 -0.022678372
0.90842676 -0.35964292 1.4169226 -0.050549097 -0.070249505 -0.04772385
-0.099675655 -0.04836425 -0.19143581 -0.07620544 -0.059864793 0.007254025
-0.1801846 -0.3898878 -0.9060259 -0.087201014 -0.049480084 -0.006795876
-1.9070683 -1.6033976 0.23925972 -0.16172658 -0.15149458 0.018860465
-0.510329 -0.7576237 1.0627623 -0.04138612 -0.032986723 0.017027868
-0.25521362 -0.012183666 -0.02837658 -0.04260785 -0.048258353 0.17707457
-0.25381076 0.79616594 -0.016641617 0.03191771 -0.030543262 0.07078401
-0.376352 -0.76224595 -0.05592251 -0.022449298 0.050701816 0.12148582
-0.9957027 -0.8332688 0.26573563 0.005650504 0.026267206 0.123929285
-0.27757055 -1.2646041 1.341999 0.1339322 0.01282817 0.10865766
-0.29910886 0.5342967 0.036729813 0.08628472 0.005497787 0.14469871
0.34876406 0.3460778 -0.12648582 0.027030786 0.01282817 0.14469871
-0.6136386 0.20602992 -0.31660557 -0.015118915 -0.02687807 0.21800253
0.22911942 1.1469812 -0.032381058 -0.024281893 0.002443461 0.0322995
1.1726547 -0.108105354 -0.70246124 0.034972034 0.053145275 0.07383834
-0.3546877 -0.5180464 0.030934334 0.17180584 0.2742785 0.13675746
-0.3210932 -0.75217336 1.5790272 0.021533 0.003665192 0.025579982
0.21408367 -0.5882675 0.10191727 0.000764 0.069027774 0.021303926
0.6286851 0.04788199 0.12103939 -0.002290745 0.06352998 0.00786489
0.1085875 -0.61211646 0.68674374 -0.020005837 0.014049901 0.003588833
0.5604267 -1.2272356 0.7907982 -0.009010263 -0.04886922 -0.023289237
-1.0127023 -0.47161663 0.9393177 -0.023060163 -0.034208454 0.03596469
-0.043752074 -0.022560418 0.20010757 -0.012064588 -0.04153884 0.029245174
-1.0208405 -0.3660627 0.53029346 -0.04138612 0.001221731 0.001145372
0.16000628 0.6783377 -0.42264652 0.06429356 0.051923547 -7.64e-05
-0.018686056 0.32031968 0.02953434 -0.01572978 0.06169739 0.028634308
0.12359834 0.401303 0.4672966 0.008093964 0 0.04879286
0.20924437 -0.30007708 -0.57656384 0.003817908 -0.04153884 0.045738537
0.432822 0.4263416 0.56699276 -0.018784106 0.001221731 -0.023289237
-0.22298932 -0.22828063 -0.002209663 -0.00412334 0.034208454 -0.027565295
-0.674546 -0.60552186 0.08272934 0.0355829 0.03726278 -0.036728274
0.98295546 0.31632358 -0.82794 0.02031127 0.009162978 -0.014737124
0.22900033 0.7271996 0.005037308 0.02397646 0.021380283 0.005421429
-1.3153015 -0.94403034 -0.1368227 0.007483099 -0.01282817 0.007254025
-0.39384413 0.2904355 -0.575861 0.03863723 0.01038471 0.1184315
-0.42821503 -0.40514922 0.2510023 0.034972034 0.09773844 0.042073343
0.5629624 1.0313348 -0.34222698 -0.0627664 -0.034208454 0.00908662
-0.31487644 -0.22420272 0.998991 0.10277808 0.20952678 -0.036728274
0.076051235 -1.4867306 0.31640148 0.0355829 0.08674286 0.004810564
-0.33166504 0.31223968 0.33514595 0.11133019 0.19181168 0.03596469
0.11739051 -0.10811675 -0.6554594 -0.07925977 -0.09162979 -0.031841353
0.40198743 -0.48926717 -0.2900381 0.05513059 -0.018325957 0.077503525
0.10857141 -0.013837535 -0.86671925 0.12904528 0.2406809 0.003588833
0.20090139 -0.10922946 0.8869524 -0.09941832 -0.027488936 -0.019624045
0.789613 0.71779513 0.39988708 0.07651087 -0.02565634 -0.011682798
-0.83912826 0.30953357 0.07212162 0.013591751 0.026267206 0.017027868
-0.085796356 -0.73327476 0.6632147 -0.03894266 -0.059253927 -0.005574145
-0.5636817 -1.1530536 1.352561 0.07284568 0.06169739 0.037797287
-0.674605 -0.3781833 1.0126963 -0.021227567 0.073303826 0.02069306
0.7489872 0.7775284 -0.6096058 -0.069485925 -0.03848451 0.04024075
-1.0490661 -0.8120072 -2.0410929 0.007483099 -0.025045475 0.03718642
-0.6071586 2.0007071 -0.43111706 0.061239243 -0.047036625 0.04757113
-0.6309858 -0.10072729 0.76296234 -0.011453724 -0.016493361 0.09644035
-0.23300362 -1.0755312 -0.061592102 -0.012064588 0.008552114 0.06650795
-0.038929224 -0.6663336 0.30048084 0.031306844 -0.03970624 0.04268421
0.14722526 0.69420284 -0.41985035 -0.00290161 -0.03726278 0.053679783
1.3341161 -0.1415723 1.4307556 -0.02367103 -0.007330383 0.0603993
0.5215554 0.13940394 0.5122814 0.004428773 0.03176499 0.061010167
-0.34894216 -0.3824355 -0.023623466 -0.020616703 -0.043982297 -0.039171733
0.15516281 0.4742343 0.49960518 0.059406646 0.023823744 -0.030008756
-0.4419073 0.3562544 0.006219864 0.006261369 -0.01282817 -0.022067508
0.04711628 -0.22506526 -0.002866745 0.016646078 -0.014049901 -0.000687
-1.1028864 -0.11111134 0.38119888 -0.010842858 0.01160644 0.009697486
-0.11131048 0.3503166 -0.39005184 0.060628377 0.080634214 0.03901902
0.2196424 0.54232514 0.010965347 -0.007177667 -0.03176499 0.022525655
-0.27052987 -0.44542545 0.22694683 -0.052381694 -0.0580322 0.02985604
-0.63782656 -0.27594423 -1.2295704 0.049021937 0.004276057 0.023747386
-0.094656944 -0.49301025 0.52759457 0.033750303 0.005497787 -7.64e-05
-0.3019601 -0.038541183 0.41344738 0.04718934 0.02443461 0.015806139
-0.02288413 0.58363044 -0.74947166 -0.04627304 -0.07574729 -0.000687
0.23692632 -0.276865 0.2469225 -0.076816306 0.003665192 -0.019624045
0.3152976 0.75909173 -0.5795202 0.04230242 -0.014049901 0.030466905
-1.2082562 -0.8495319 1.6577206 0.024587326 0.001221731 0.05673411
-0.1164335 -0.51976025 0.83994484 -0.04138612 0.017104227 0.083001316
0.36252725 -0.053932965 0.6794853 0.09911288 0.1459968 0.08544478
-0.20261514 0.7779546 -0.50951004 -0.004734206 0.01282817 0.06528623
0.009883523 0.14232087 -1.1624146 0.02275473 0 -0.003130684
0.3690449 -0.48629326 -0.5755768 -0.035888333 -0.07819075 0.04268421
-0.18870294 0.5075295 -0.8615732 0.05879578 -0.003054326 -0.022678372
0.62333333 0.075092286 -1.1520367 0.100334615 0.11362094 -0.007406741
0.91260767 0.9850935 0.61280537 -0.03894266 -0.031154128 0.007254025
0.32245183 1.2059914 0.009819031 0.006872234 -0.021380283 -0.019013181
-1.1045842 -0.24214703 1.0593166 -0.024892759 -0.032375857 -0.009239337
0.8107977 -0.51081455 -0.083945274 -0.04444045 -0.013439035 -0.007406741
-0.7530563 -0.2903283 -0.37863255 0.03191771 0.05131268 0.048181996
-0.7432684 -1.4607712 -0.30356693 0.08689558 0.073303826 0.00908662
0.001846314 -0.7699849 0.19917679 -0.02367103 -0.003665192 0.016417004
-0.379192 0.21507338 0.016971588 -0.04138612 -0.089186326 -0.001298089
-0.3473251 0.0853177 -1.4288893 -0.046883907 0.034208454 -0.13691017
-0.6498811 -0.61566293 -0.5093584 0.075289145 0.20586158 -0.05749769
0.495327 1.4617133 1.0320253 0.054519724 0.08124508 0.034742963
-0.50986385 -0.6987827 0.54555035 -0.009010263 -0.043982297 0.017638734
0.37059164 0.26664853 1.0558157 -0.13729197 -0.026267206 0.112322845
-0.6360992 -0.07805019 0.4503069 0.02275473 -0.020158553 0.013362677
0.19709587 0.24788718 0.5003128 -0.098807454 0.05009095 0.09155343
-0.77271616 -0.9636922 -0.36951733 0.044745877 -0.025045475 -0.028787024
0.6578007 -0.9359663 0.24252605 -0.045662176 0.08307768 -0.036728274
-1.4319603 -1.3797793 0.2412796 0.047800206 -0.017715093 0.03352123
-0.020103335 -0.618818 -0.97738457 0.04046982 0.003665192 0.0622319
1.2799386 0.52942693 1.869875 0.03191771 -0.018936822 0.053679783
0.2112279 0.013407722 -0.6874237 0.025198191 -0.042760566 0.032910366
-0.72290814 0.13029355 -0.6044941 0.021533 -0.025045475 0.012751812
-0.28149903 -0.60329264 -0.6025686 -0.060322944 0.022602014 -0.00496328
-0.32566845 0.43022498 1.2657633 0.02275473 0.026267206 -0.01656972
0.000631 0.39010757 -0.8281784 -0.013286319 0.03176499 0.006032294
1.2975018 0.03899914 2.526945 0.026419923 0.056199603 0.004810564
-0.64859545 0.6222975 -0.57079506 0.016646078 0.07880162 -0.009850202
0.8033004 -0.20223112 -2.5266414 0.003207043 -0.04642576 0.000535
-0.5593376 0.5207645 -1.5903459 -0.043829583 0.06841691 0.014584408
0.30440903 0.46616894 -0.74984837 -0.026725354 -0.032986723 -0.015958855
-0.00793457 0.005592048 -1.5888295 -0.02367103 -0.047036625 -0.006185011
-0.36268735 0.041207254 -0.6900797 -0.1226312 -0.042760566 -0.08865182
-0.28960586 0.5059523 1.8830795 -0.13362677 -0.032986723 -0.030619621
-0.88945293 -0.83640265 0.6699171 -0.01572978 0.008552114 0.054901514
0.68453455 0.28842375 0.6040611 -0.023060163 0.02443461 0.058566704
2.5089524 1.812119 -1.4902163 0.021533 -0.06658431 -0.009850202
0.78901875 1.1138936 -1.5653076 -0.034055736 -0.1600467 0.016417004
0.29153407 0.10000637 0.2806492 0.010537425 0.1441642 0.009697486
0.7734021 0.6709324 -1.568533 -0.025503624 -0.02076942 0.025579982
-0.07163334 0.9764384 -0.26089287 -0.043218717 0.053145275 0.015195273
-0.91495967 1.0541723 0.54934216 -0.035277467 -0.010995574 0.007254025
0.20794773 -0.43980244 0.7917261 -0.13973543 -0.04520403 0.070173144
0.89963675 -1.2510958 1.212842 -0.064599 -0.08674286 0.05673411
0.06488228 0.17256615 -1.2715492 -0.1067487 0.24556783 0.015195273
-0.029850483 -1.2884343 4.906192 -0.13973543 -0.09712757 -0.08498663
1.5699337 0.19490254 1.7158489 -0.10125092 -0.02687807 0.010919216
0.040717363 -0.3426364 -0.5512476 0.20906863 0.1160644 -0.028176159
-1.2269511 -0.5976982 -0.06204319 0.08628472 0.005497787 0.03596469
-0.7989179 -0.11568266 -0.28425312 0.044135015 0 -0.025732698
0.462615 -0.32989752 1.3358593 0.12721269 0.19425514 0.017638734
-0.09727144 0.57977724 0.79787636 -0.06154467 0.017104227 0.077503525
0.23294139 0.6971167 1.0552568 -0.01695151 0.03481932 0.011530082
0.83166385 -0.07652971 -0.36061478 0.023365596 0.056199603 0.03718642
0.4358518 -0.6372194 0.55669403 -0.02611449 0.018936822 -0.048334714
0.2558267 0.3026677 0.5458555 -0.034055736 0.03481932 0.026801713
-0.9075968 -1.2297766 1.8519249 -0.0926988 -0.051923547 -0.05261077
-0.06473565 0.11134885 0.64242554 -0.000458 0.21868975 0.021914791
0.19034219 0.7464454 -2.0826454 0.06612616 0.040317107 -0.00374155
0.11460757 -0.18059784 -0.26444912 0.007483099 0.1423316 0.012140946
-0.6445849 -1.5396824 0.26447392 -0.12935072 0.017104227 -0.012904529
0.15953517 0.8927524 -0.015395165 -0.000458 0.009773844 -0.014126259
-0.6067896 -1.0438714 -0.13830662 0.013591751 -0.21380283 -0.039171733
0.9169929 0.2217115 1.8149834 -0.058490347 0.13194689 0.017027868
-1.0590467 -0.473343 -1.4633007 -0.07925977 -0.12950343 0.015195273
-1.812112 -0.2548878 0.002806664 -0.06887506 -0.31337386 0.006032294
1.248816 0.29745567 0.5898886 -0.0786489 -0.18020524 0.001145372
-0.3742988 -0.6746378 0.48809624 -0.07620544 0.01160644 -0.027565295
0.553911 -0.741951 1.1762972 0.14920384 0.46975538 -0.00374155
0.5328977 -0.2614141 0.32474327 -0.07070765 0.18142697 0.22960897
0.29346967 -0.20122498 0.8656435 -0.03894266 0.07819075 0.025579982
0.4756055 0.20784998 0.1974783 -0.01450805 -0.021380283 0.021914791
-0.55453396 -1.1656574 -0.37894535 0.018478673 0.003054326 -0.009850202
-0.30489838 0.66455215 -0.3825922 -0.029168816 -0.08674286 -0.014126259
1.357024 0.43891844 0.47256565 0.15897769 0.23151793 0.020082194
0.68505335 -0.11592513 0.93699646 -0.06765333 -0.14782938 -0.06116288
0.9393575 0.58438843 -2.5390754 -0.010231993 0.07696902 -0.011071933
0.49633026 -0.20601207 -0.19851017 -0.039553523 -0.11911872 -0.076434515
0.4516058 0.48230696 0.93057156 0.001985312 0.040317107 -0.033673946
-0.55122447 -0.031457007 0.17109776 -0.009010263 -0.01038471 -0.006185011
0.5645814 0.7544526 -0.3775301 -0.007177667 -0.06719518 0.022525655
-0.051659822 -0.3356244 0.16028595 0.03191771 0.09773844 0.051847186
-1.2352134 0.73405963 1.6423712 0.028863383 0.001832596 0.006032294
-1.1974677 0.4710648 -0.52852345 0.016035212 -0.080634214 -0.020845776
-0.724089 -0.20638904 -0.27505112 0.031306844 -0.04337143 -0.034895677
-0.0842123 -0.04938993 -0.75701046 0.009315695 0.11362094 0.015806139
-0.6744447 -0.14493942 -0.5986061 -0.02977968 -0.1563815 -0.032452215
-0.24925208 0.68087757 0.2373066 0.075289145 0.07696902 0.034742963
0.8665528 -0.5200677 0.37991714 0.025809057 0.10629055 -0.001908954
-0.64320636 -0.7320719 -0.34587574 0.011759156 0.10262536 0.061621033
-0.054543734 0.34203526 -0.19346905 0.007483099 -0.047647487 0.02069306
-0.036085844 -0.14548215 -0.72836685 0.04718934 0.065973446 0.013973543
0.07778096 0.14447641 -0.34722233 0.049632803 0.050701816 0.002977968
0.20443249 -0.44846198 0.203331 -0.03283401 0.03604105 0.01947133
-0.07967162 -0.37240738 -1.0803804 -0.037110064 0.042760566 -0.009850202
-0.22931421 -0.30673414 0.6236601 -0.027947085 -0.027488936 -0.017180584
1.6583589 0.19247384 0.13265324 -0.011453724 -0.07269296 -0.009850202
-0.31036663 -0.068618774 0.14906693 0.018478673 -0.07941248 -0.048945576
1.0894045 -0.59240294 -0.10585022 -0.04627304 -0.052534413 -0.00496328
-0.27613664 -0.55357474 0.26590538 0.094225965 0.15515977 0.018860465
-0.04516661 0.3165699 0.40484715 -0.012675454 -0.036651913 0.010308351
0.9869417 -0.010799736 0.3902979 -0.02733622 0.014049901 -0.005574145
1.3781554 0.13707142 -0.9077711 -0.012064588 0.089186326 0.017027868
1.4017797 -0.33752275 0.7875662 -0.09025534 -0.14477506 -0.018402316
0.18587554 -0.12571466 -0.97267056 -0.010231993 0.10445796 0.016417004
0.29148555 -0.14027604 -1.0908899 -0.015118915 0.017715093 -0.00496328
-1.325272 -0.4560146 -0.5985441 -0.043218717 0.1423316 0.043295074
-0.058419347 -0.40330976 -0.83809376 0.030085113 0.18081611 0.04085161
0.93248606 -1.4718277 0.90140915 -0.05665775 -0.2602286 -0.006795876
-0.72283673 -0.9780785 0.2658205 -0.020616703 0.03604105 0.015195273
0.016498089 0.22365475 0.90029716 0.017256944 0.058643065 0.004810564
-0.07739544 0.3881409 -0.16351032 -0.027947085 -0.13988814 -0.025732698
0.41235733 -0.24281716 -0.17994976 -0.020005837 -0.050701816 0.001756238
0.29378867 0.63656104 -0.09507275 0.012370021 0.034208454 -0.010461068
0.27055347 0.47573295 -0.26959038 0.061850104 0.14660765 0.021914791
-0.37055242 -1.0120957 0.2917719 -0.012064588 -0.12644911 -0.033673946
-0.23811936 0.62763774 1.4502983 -0.026725354 -0.021380283 -0.005574145
0.22274315 -0.8273667 0.25972557 0.016646078 0.07269296 0.01947133
-0.4009421 0.35713506 0.11826229 0.030695979 -0.042760566 -0.01656972
0.44990587 0.5561523 -0.31680202 -0.020616703 0.028710667 0.04085161
-0.41796756 1.2013156 -0.4601345 -0.010842858 0.20830505 0.045738537
-0.6966207 -0.35035992 0.44728088 0.013591751 -0.1020145 0.065897085
0.5598773 1.0532818 -0.29366112 -0.00412334 -0.0720821 0.05551238
0.5952276 0.7035109 0.7036028 0.006872234 -0.029321533 0.05551238
-1.5372773 -0.007200316 -0.8738785 0.001985312 0.009773844 0.07689266
0.09083426 -0.71478146 1.0165701 0.21456642 0.3213151 0.0603993
0.5029361 0.03971535 1.3790188 0.065515295 0.2003638 0.106214195
-0.20817196 0.91589415 0.84151363 -0.041996986 -0.015882496 0.028023442
-0.06735623 0.112042286 -1.1783543 0.005039638 -0.022602014 0.025579982
-0.819084 -0.007174522 -1.4083242 0.036193766 0.003054326 0.021914791
0.12722957 -0.83313066 0.3100481 0.018478673 0.09101892 0.024358252
0.73136485 -0.523913 -0.57374763 -0.000458 0.04520403 -0.003130684
-0.06942606 -2.1235468 -0.15050602 0.08506299 -0.005497787 -0.01779145
0.5164496 0.2838661 0.34888554 -0.010842858 -0.059253927 -0.006185011
-0.42937052 -0.032528177 0.0634985 0.051465396 0.057421334 0.015806139
0.611081 -0.33089286 -0.1867714 0.046578474 0.053145275 -0.011071933
0.2733488 0.37539053 -0.33380508 0.041691553 0 0.022525655
0.4119799 0.24430086 -0.08350468 0.03313944 -0.039095376 -0.020845776
0.7059561 0.98366845 0.64850426 -0.007788532 0.06169739 0.001756238
0.58627033 -0.41322398 0.7703209 -0.0627664 -0.0580322 -0.007406741
-0.79241014 -0.4794762 -0.010928154 -0.08231409 -0.03359759 -0.023289237
-0.20290077 -1.1505759 0.31783962 0.006261369 -0.029932396 0.005421429
-0.06422377 -0.73578554 -0.6465864 -0.029168816 -0.040317107 -0.030008756
1.271913 -0.09693989 0.19382381 0.071013086 0.1001819 -0.099647395
1.5661707 0.6795253 0.41893196 -0.091477074 0.053145275 -0.09231701
1.6153026 -0.72035074 -0.4547453 -0.058490347 -0.1160644 -0.12713633
-0.43961787 -0.09338666 -1.9841113 -0.048716504 -0.007941248 -0.031230485
-0.14751601 0.40862948 -2.2102976 -0.17577648 -0.042760566 0.010919216
-1.2345526 0.23546207 -0.123518944 0.044745877 0.044593163 -0.01779145
-0.17547059 -0.080326095 -0.004948616 -0.001069014 -0.053145275 -0.006795876
1.1168303 0.29272595 0.33879948 0.00870483 0.006719518 0.002977968
1.2078149 -0.07834427 1.4586096 -0.14401148 -0.17348573 -0.04222606
0.19444942 -0.007725552 0.8419733 0.029474247 -0.005497787 -0.025121834
0.10776925 -0.19220549 -0.11547375 -0.021838432 0.03848451 -0.044058654
-0.32233548 -0.7038464 1.8271141 0.05024367 -0.11362094 -0.031841353
0.24665713 -0.1510436 -1.4692621 -0.00412334 -0.25961772 -0.48327076
-1.1504489 0.19113836 -1.3396378 0.000153 -0.21135938 -0.0978148
-0.22838187 -0.4724136 -0.19549751 -0.09086621 -0.10567969 0.039629884
1.3629549 -0.11204606 2.6271086 0.2817616 0.23579398 0.0622319
-0.1380055 0.06646913 0.27517128 -0.043829583 -0.05131268 0.09521862
1.3930573 -0.3099401 0.19795704 0.059406646 0.086132 0.041462477
-1.0390513 -0.00185594 -1.2418499 0.014813482 0.01038471 0.06956228
1.0892208 1.0866545 -0.13324451 -0.021838432 -0.050701816 -0.044058654
-0.1809529 0.49053422 0.1965599 -0.012064588 0.07513642 0.04512767
-0.17257702 0.70391554 0.3533783 -0.02611449 -0.02076942 0.000535
0.16751683 0.44343358 1.7863369 -0.04138612 -0.112399206 -0.006795876
0.3290348 -0.21074083 0.305295 0.006261369 -0.017715093 -0.008017606
-0.000569 0.41200978 -1.3426485 0.019700404 -0.096516706 -0.024510968
0.43549228 0.74645764 -0.91782284 0.015424348 -0.02076942 -0.014737124
1.1563863 0.83394015 -0.34696674 -0.035277467 -0.027488936 0.012140946
0.980603 -0.4627953 -0.8021641 0.017256944 0.2510656 0.016417004
1.2451155 0.41879752 -0.53468513 0.01786781 -0.065973446 -0.03306308
0.17771459 0.98906744 0.158185 0.100334615 0.07819075 -0.008017606
0.58838177 0.34991443 -0.3020258 0.017256944 0.059864793 -0.05749769
0.27177906 -0.3176977 -1.3043566 0.024587326 0.23640485 -0.032452215
1.2970872 -0.289931 0.48964405 -0.013897184 0.009162978 -0.0538325
0.6208844 -0.23079026 -0.37490177 -0.020616703 -0.03726278 -0.05749769
0.07816887 0.08086151 0.99902534 0.02275473 -0.037873644 -0.017180584
0.032126665 -1.4262593 0.34059143 0.010537425 -0.047647487 -0.001908954
-0.5744629 -1.6591148 -0.14958858 0.025198191 -0.0720821 -0.015347989
0.4568373 -0.2875158 -0.20781326 0.01786781 0.006719518 -0.046502117
-0.13855004 -0.058543324 -0.5648413 -0.0346666 0.014049901 -0.083764896
0.284276 0.47457635 0.3851347 -0.06765333 -0.01160644 -0.2242639
1.5990479 0.38366675 0.85644627 -0.09636399 0.08307768 -0.3458261
0.62328863 0.20398295 0.350832 -0.1385137 -0.10323623 -0.49793154
1.4427435 -0.1261189 -1.7974648 -0.14523321 0.17104226 -0.45150578
1.4641161 0.7626747 -0.62368965 -0.076816306 0.014660766 -0.2822961
0.4488585 -1.7443461 0.5654316 -0.032223143 0.02076942 -0.14485142
-0.07701111 -0.92430186 0.24703026 0.009315695 0.03726278 -0.041615196
0.1374228 0.11220431 -0.15169334 0.026419923 0.12889257 0.061621033
0.41126227 0.94552314 -0.24467468 -0.018784106 0.04886922 0.07933612
0.14207673 -0.37121624 0.5190573 -0.00290161 0.032986723 0.0603993
-0.5569669 -0.80011284 1.2094545 -0.010231993 -0.009162978 0.029245174
-0.19993865 0.43333232 -1.6276379 -0.075594574 -0.065973446 0.02313652
-0.38921416 -1.069015 -0.57050514 0.03924809 -0.031154128 0.087277375
0.4732579 0.34051347 0.37805557 0.03436117 -0.012217305 0.02069306
0.29319298 0.19268191 0.14567757 0.007483099 -0.003665192 0.009697486
-1.072531 -0.83113647 0.284482 -0.012675454 0.11056661 0.08239045
0.117099285 1.1964908 0.15334225 -0.1226312 -0.12095132 0.05795584
0.036445856 -0.47728482 -0.59800434 -0.015118915 -0.07880162 0.022525655
0.09764075 -0.5201133 -0.45720482 0.08689558 0.14477506 0.053068917
-0.034880042 -0.34203875 0.36145973 -0.02977968 0.006108652 0.037797287
0.3321674 -0.08323842 0.16269875 0.03680463 0.11789699 0.035353824
0.10158324 -0.40463877 -0.07546139 0.011759156 0.01038471 0.013973543
-0.11293006 0.38940006 0.51004505 -0.009010263 -0.028710667 -0.009850202
-0.5971999 1.0624743 -0.18441868 0.051465396 0.02321288 -0.009850202
0.52147114 0.5292369 0.43230915 -0.008399397 -0.018325957 0.012751812
0.71410704 1.6791232 0.6327362 -0.023060163 -0.05375614 -7.64e-05
-0.8954813 0.6466949 -0.8552408 0.04841107 0.034208454 0.004199699
-1.1214677 1.2292928 -0.5646105 0.032528576 0.059864793 0.023747386
-0.26859748 -0.38817632 -0.84255505 -0.02977968 -0.062308256 -0.005574145
-0.36955535 -0.77380395 -0.33473873 0.011148291 0.0720821 0.017027868
0.19427443 0.45668578 0.23287392 0.025198191 0.021991149 0.024969118
-0.3366214 1.2297982 1.1876631 0.00870483 -0.17104226 0.028023442
0.50029635 1.0094546 0.006979942 0.00992656 -0.11789699 0.012751812
0.14944553 1.7533877 -0.14399147 -0.013897184 0.036651913 0.035353824
-0.2985816 1.024201 1.3749132 0.049632803 0.009162978 0.030466905
-1.9584488 -2.573743 1.909379 -0.020616703 -0.0720821 0.010308351
0.04413879 -1.7667391 1.9661274 0.03863723 -0.1600467 -0.08437576
0.59396553 -0.051578224 -2.7402616 -0.027947085 -0.08979719 -0.047112983
-0.71120703 -0.08914128 0.61780643 -0.035888333 -0.081855945 -0.023289237
1.102657 -0.14257756 -0.9020567 -0.001679879 0.057421334 0.006032294
-0.3029871 -0.59020543 -0.70291233 0.019700404 0.124005646 -0.008017606
-0.4702406 -0.5613532 -0.5663576 0.007483099 0.009773844 0.013973543
-0.41078174 -0.892748 -0.2838564 -0.076816306 0.028099801 0.05245805
0.16291046 -0.15430644 -2.1830459 -0.10980303 0.026267206 -0.031841353
0.19354117 0.034735143 -0.39703178 0.056963183 0.015271631 0.04390594
-0.45881522 0.069915324 0.38235092 0.08017606 0.2125811 0.73112935
-0.36224866 1.3725277 -0.6459875 -0.001069014 -0.06780604 0.1465313
-1.907216 0.15964231 1.862299 0.024587326 -0.069027774 0.16791159
-0.50686955 1.3351102 -0.9131155 0.014202617 -0.005497787 0.051847186
-1.0642374 -0.6184949 -0.08961487 0.041080687 -0.009162978 0.07811439
-0.69829106 0.26956436 -1.0594797 0.006261369 -0.073303826 0.041462477
-0.6101984 -0.8844038 -0.224679 0.027641652 0.02443461 0.034132097
0.77752566 0.30503777 1.6295185 -0.012675454 0.08552113 0.017638734
0.73080754 0.26767406 0.98848915 -0.029168816 -0.021380283 -0.004352415
1.4776874 1.4848181 -0.047616005 0.078343466 0.076358154 -0.005574145
-0.41681814 -1.2963747 -0.5194626 0.000764 0.086132 -0.00374155
0.22266197 1.7707328 0.23716831 0.016646078 -0.016493361 -0.08071057
0.5108726 0.43023238 -0.25705528 -0.015118915 -0.054367006 -0.026343564
2.0136995 0.54507196 -0.8096447 0.016035212 -0.13194689 -0.054443367
1.0519447 -0.15959644 -0.04487419 0.033750303 0.002443461 -0.02939789
-0.40830684 0.38051003 0.9647474 -0.00290161 0.2864958 0.0463494
1.2436733 -0.35952988 0.5658617 -0.005955936 -0.070249505 -0.04466952
1.505762 -0.2035577 -1.0935163 0.02397646 0.105068825 -0.05138904
1.0619525 0.005475968 -0.8173933 0.000153 -0.0720821 -0.06299548
0.51174486 -0.90884984 0.15187073 -0.02611449 -0.103847094 -0.086819224
1.7384689 1.3155266 -0.30425358 -0.02367103 -0.009162978 0.000535
-0.09929919 0.29797715 -0.5035467 0.036193766 0.22968534 -0.026343564
1.9839971 1.205527 1.1677351 -0.09819659 -0.005497787 -0.05749769
1.9405804 -2.1030433 0.547719 0.009315695 0.19425514 -0.061773747
0.7891383 -0.64093125 -0.3833294 -0.047494773 -0.11362094 -0.07032586
1.0810113 -0.40784103 0.61438847 -0.016340645 -0.003054326 -0.03795
-0.12201643 -1.9112821 -0.6814165 0.03313944 -0.035430185 0.003588833
-0.6472831 -1.3982311 -0.5331373 -0.008399397 0.02687807 -0.008017606
-0.5857099 -1.6328287 0.092811584 0.008093964 -0.080634214 -0.008628472
-0.5347477 -0.04429859 -0.19120693 -0.009621128 0.12217305 0.07383834
0.7335012 1.1490476 0.5113716 -0.04627304 -0.03848451 0.021914791
0.3121524 0.71033704 -0.7624264 -0.0364992 -0.035430185 0.02069306
0.5666568 2.3416188 1.5069828 0.012370021 -0.03359759 0.001756238
-0.6274482 0.19800434 0.8199158 -0.024281893 -0.081855945 0.011530082
0.40572643 1.6957283 -0.87206745 0.001985312 -0.1704314 -0.042836927
-0.16157699 0.3820323 -0.26260662 0.006261369 -0.03604105 -0.00496328
-0.1201148 1.3009232 -0.08199215 0.04841107 0.039095376 -0.042836927
-1.0512913 0.5723382 -0.08485794 0.05757405 0.08368854 0.02313652
0.23967695 0.2552844 -2.34524 -0.010842858 0.026267206 0.026190847
-0.8772129 -0.0959194 -0.33966827 -0.054825157 -0.06841691 0.04390594
-0.7303902 0.6445043 0.21889114 -0.07437284 -0.20280726 0.017638734
-0.2617097 0.88043594 -0.5672054 0.003207043 -0.017104227 -0.018402316
-0.5680224 0.43675834 0.7887192 -0.06704246 0.003054326 0.0463494
-0.4389205 1.0478426 -0.13157749 0.012980887 0.008552114 0.013973543
-1.4025836 -0.120562255 -0.05661106 -0.005345071 0.052534413 -0.023900103
-0.6899687 -0.7805097 0.808527 0.045356743 0.1001819 -0.021456642
0.074970484 0.4689448 -1.2825317 0.022143865 -0.089186326 0.0463494
0.6682217 0.3344247 0.16899967 -0.040775254 0.09101892 0.089109965
0.26713026 -0.11490896 0.62590027 -0.005955936 0.022602014 0.12087496
-0.24455321 1.0023086 -0.05278206 0.008093964 0.014049901 -0.048945576
-1.2424328 0.15371498 -0.20565033 -0.10186178 -0.50579643 -0.09720393
0.06470144 -0.1331925 -0.40623283 -0.00290161 0.07269296 0.09644035
-1.3918254 1.0933129 0.7494955 -0.049938235 -0.048258353 0.00786489
-0.19991648 0.20212922 0.044683456 0.09666943 0.14355333 0.018860465
-1.8096787 -1.4094648 -0.33883476 0.075289145 0.073303826 0.002977968
0.2573502 0.6867457 -1.031743 0.010537425 -0.014660766 0.012751812
0.6500881 0.3196152 0.86803246 0.05757405 0.12767084 0.022525655
0.5868373 -0.1069407 0.82673454 0.006261369 -0.07574729 0.02069306
0.45173407 0.40016013 0.20748901 -0.00290161 -0.13194689 -0.038560867
0.42225385 0.09699651 -0.45035076 -0.04138612 -0.003054326 0.00908662
-1.4236269 1.3405201 0.5310621 -0.035888333 0.017715093 0.026190847
0.083128214 -0.3606336 -0.83594036 -0.054825157 -0.095294975 -0.027565295
0.46420074 -0.13835078 -0.5917263 0.00870483 -0.040927973 -0.018402316
0.15442705 -0.11684701 0.20349026 0.019089539 0.02443461 -0.024510968
1.1042683 -0.26806283 -0.005199432 -0.033444874 -0.13255776 0.05795584
0.7303755 -0.16196689 -0.120209694 0.036193766 -0.07819075 0.001145372
-1.1225946 -0.2505605 3.2046804 -0.0664316 0.18997909 0.04757113
-0.9048624 0.32294068 0.58187294 0.025198191 0.08124508 0.037797287
0.10470843 1.0605251 -0.6725807 -0.034055736 0.099571034 0.10560333
-1.1202767 -0.21340388 -0.2765131 -0.006566802 -0.108123146 0.004810564
-0.09445393 0.32861355 0.23159695 0.08200866 -0.096516706 -0.028787024
0.1194942 0.42191732 -2.941308 0.16691893 0.06414085 0.3206279
0.6549158 -1.3212717 1.4578304 0.09789115 0.15393804 -0.08132143
0.62814736 0.41262424 -0.8723793 -0.058490347 0.016493361 -0.031230485
-1.3559704 -0.49677557 -0.05106449 -0.04444045 0.017715093 0.006032294
-0.4965049 -1.188516 0.7320461 -0.053603426 -0.06841691 0.3554472
0.43291163 0.30135986 -0.7893591 -0.063988134 -0.019547688 -0.01779145
-0.10511792 1.4142807 -0.16216755 0.013591751 0.007330383 0.05551238
-0.8588588 -1.1355108 1.3569937 0.08628472 0.13439035 0.03352123
-0.27617753 0.17150798 -1.5976753 0.10399981 0.048258353 -0.007406741
0.08783007 1.1496153 0.27871227 0.025198191 -0.030543262 -0.022067508
-0.4551549 -0.6998178 -0.32614422 -0.040775254 0.03176499 -0.05749769
0.38235486 1.0229706 0.11377239 -0.026725354 -0.09712757 -0.020845776
0.72677374 1.2622215 1.5543547 -0.012675454 0.08124508 0.00786489
-0.07755399 0.72378516 0.8091717 0.06734789 0.093462385 0.07322747
-1.527012 -0.93309855 -0.9632015 -0.25579983 -0.49418998 -0.39958224
-0.48635638 -0.5146767 -1.2740908 0.051465396 -0.108123146 0.44585526
-0.2045176 -0.64454436 0.71335506 0.03924809 0.16126843 0.03352123
-0.5347866 -0.16872129 -0.6818819 -0.054825157 0.023823744 0.07689266
-0.33960938 0.5172755 2.2816706 -0.14767668 -0.30787608 0.12637275
-0.9550553 -0.5986079 -1.9445143 0.08628472 -0.026267206 -0.22304218
0.17454004 1.7030935 2.532301 -0.012064588 -0.013439035 -0.09903653
-0.5997513 -0.47478628 -0.670413 0.105832405 -0.039095376 -0.008628472
-0.27337277 -0.21228379 0.95430946 0.039858956 0.37751472 0.013973543
0.5802932 -0.62733674 1.7544193 -0.18982637 -0.32070425 -0.06727154
2.250085 -0.014035612 -1.3901253 -0.056046885 -0.05681047 -0.058719423
-0.25195587 0.81330407 2.6939526 -0.11652254 0.076358154 0.16974418
0.35046136 -0.1214817 1.9397297 -0.17638734 -0.37507126 0.20395264
-0.60097635 -0.24566996 -1.6826358 0.11071932 0.3005457 0.07994699
3.7569857 3.6508338 2.1107512 -0.003512475 -0.2443461 0.1379792
-1.9500135 0.64677984 4.57467 -0.00412334 -0.30604348 0.00786489
-0.13473308 -0.044433787 -1.0820408 -0.15622878 0.22174409 0.036575556
1.2748727 -0.6735805 3.3466845 -0.26068676 0.5338962 -0.04466952
